768570
577358
282245
18259
316684
624425
476039
611602
157713
324028
118844
650730
199690
142456
114552
5744
250601
81090
222271
598555
333500
9624
49921
127091
747188
449867
937971
531303
566674
772906
373963
252222
358637
743039
63384
724454
729506
278963
912443
453417
482392
82188
364614
317373
945902
411607
824879
79546
393604
128417
410672
677286
765027
426783
509503
230380
636810
850861
783781
278060
372310
971123
784062
52587
945933
659876
615436
912235
540167
472224
998903
6102
728825
412346
611429
535444
801695
420243
474866
864636
78149
357989
127116
284134
947379
47196
171246
359775
593907
261534
509175
611638
983744
825260
418854
963123
914317
169184
923189
725095
336366
642262
336975
879455
84967
674983
826222
447730
171024
634833
807253
871866
651233
761586
655399
151583
154912
742899
906595
506575
782372
545474
462781
918346
705476
582007
945881
862617
321250
467800
661926
765790
144205
749432
385941
564359
580503
33082
135925
435228
931957
793779
483373
375736
645196
513261
938261
427349
2910
295176
935217
233088
372304
926972
114826
594731
320279
929273
101547
68257
79807
81839
794677
871252
193176
23082
471839
309202
891453
254101
148110
145942
725506
489439
923341
434747
41849
223034
133033
582284
544673
431936
560492
465590
159084
319920
359412
198175
736812
246679
444527
268239
835033
384842
263541
196492
235201
692367
524801
715781
467340
328284
993933
268132
41195
842679
280778
877382
840221
991420
517817
367367
636958
301885
118697
204726
859564
638276
344589
925416
239479
48435
598265
94696
465764
140493
287993
290828
453886
639245
933710
352482
140986
128756
122630
665930
488357
862112
712119
610013
865964
875800
457303
182987
439495
643684
851003
215299
761795
790297
604778
291659
409388
752883
691678
856751
895251
393498
175510
64854
476865
2887
645531
668720
577208
887936
916429
939275
864162
928575
518824
145157
80601
706673
653721
791644
633810
457306
989175
215265
117287
523541
171936
974091
163903
775225
961905
561064
625371
450456
771873
651630
782144
804385
316538
246768
302269
715749
24309
600940
54552
349815
518770
517057
165145
250348
620945
115902
357874
272257
698672
174933
919497
535388
472705
921390
467300
652587
137030
961688
965168
339689
489196
191322
436462
457471
806338
100136
826939
803335
483476
939505
535674
236651
68520
483029
21792
172460
312916
961524
278299
983423
719098
853730
810400
368913
753378
693046
545552
237548
144370
930113
15686
713905
424588
895580
194943
168709
240132
531355
62886
413833
657789
368606
191868
704065
151263
432261
419169
511446
975222
538435
927425
767414
509226
676108
922334
156057
258135
384808
386677
891295
369800
469098
283728
682773
507477
297017
769256
518039
250262
232525
865396
878799
833091
396726
512146
171739
50218
391062
817297
822029
314507
96175
661593
631948
474899
328663
429687
80727
967796
45576
326985
647146
889821
366804
699074
866297
835675
582197
587867
667161
465868
977987
156823
381694
793019
246782
325232
727903
251229
473931
237987
345014
113063
586108
851605
914915
636106
500168
421409
238256
542796
451482
628543
955439
221956
592836
195218
51072
458354
527956
241166
297327
632761
330815
274499
877818
855481
932730
11211
723440
283661
914728
667788
879796
422878
307310
792491
965537
573154
506338
483342
665736
892085
920481
953227
366100
498834
883647
562738
198159
896814
782874
836915
371197
334257
621319
997486
154150
536785
149486
735382
11057
339533
772594
218944
166828
74052
644616
747342
389673
132143
122921
215858
768706
397185
647650
697185
825276
709658
422665
578775
668297
563106
588554
622336
329767
120200
939359
765066
607399
160087
456350
675077
636744
961778
54444
724787
489154
762668
306703
677746
797342
442246
623650
363203
984130
213126
819361
672822
844235
398064
906020
794676
635219
498212
813353
967464
825938
524372
882314
377867
612896
477023
855501
334092
536024
765455
995866
544088
751192
518444
41863
820875
245222
823099
575567
910835
257965
904406
444386
749308
798693
329257
957718
567038
749008
975366
7675
98784
311392
457382
186059
603303
742518
946237
729408
686559
904517
907960
824000
414308
292949
137366
50036
175181
148644
873184
486390
794486
340774
412551
447529
258857
263917
678936
159330
845033
52965
808478
771715
194138
127414
716884
824169
779984
893580
796165
42491
539250
187763
559490
678819
448394
181467
157631
127257
996269
306811
448331
13019
28161
865234
554923
833017
426928
185929
256914
363724
586664
117813
689214
628423
842380
612536
193393
826597
646586
299463
326474
967106
723321
261702
57089
500038
664127
303119
669756
735292
234077
528337
337552
571136
509256
143573
855127
273943
19141
317404
23594
976153
611184
913061
680123
78089
700776
968842
193426
632005
300507
98378
157282
290136
922729
134306
157063
523373
140663
285972
702687
156511
333075
820937
927106
636779
308031
910418
126687
673351
561180
424266
902772
264652
851508
379352
187369
452494
98916
308625
40010
192268
897316
653050
422687
694851
364789
452330
905578
840541
354790
288398
411389
639367
620930
116039
947445
350880
405273
203822
780759
765836
742698
691575
821893
441577
206314
770675
122204
721754
905779
459695
241454
996158
349196
461242
591959
856069
212817
496516
58558
986841
497215
748578
3946
629111
413022
139311
724734
201313
110539
675340
207250
527276
394209
30919
885104
839860
726724
279321
542056
551664
147081
421136
8736
378629
268143
333148
443299
722801
432851
734230
625189
903159
836724
241210
440053
385307
267044
515248
204148
961289
554641
232806
723177
615287
939934
453641
409458
402678
685423
29409
542677
598363
462852
397319
882741
636484
351357
193667
871776
716617
52284
647686
806789
724609
351847
290432
13059
499502
110220
926111
96988
557318
592224
881126
330568
541151
910496
809957
759462
382006
583577
419483
555853
546587
110850
442212
667457
430077
491399
101280
994178
139406
413665
832803
681086
971602
968416
184146
212710
262025
437258
320800
482461
654071
107613
628389
353229
776909
258225
180120
971348
592949
954170
880169
285852
945727
155497
207422
207817
228195
565745
616647
474827
129714
197159
207808
396819
860574
345794
51267
176993
600674
987970
794631
49212
544079
433902
510073
870204
855733
598773
438069
56001
479274
311798
857121
306438
871674
865627
828646
204495
259755
926496
424524
300800
592043
771570
497393
550472
629848
554866
567910
75834
944236
495384
814886
677628
180932
663989
526644
216024
979147
680017
70032
149168
524359
780146
723925
75598
305728
75390
729458
317082
307656
205368
609219
713892
700396
775910
514827
564193
80437
400147
984208
503923
534299
664176
169300
139425
173127
178710
129579
845158
715843
861031
820798
317989
502337
194898
493658
216954
701061
758004
571637
379179
79919
647580
266816
926653
67753
898535
898722
807331
34921
91786
116118
929553
776483
356975
742690
747376
4111
378550
973554
106154
15314
528732
214610
138660
452812
231225
588357
793484
975869
488995
420932
401863
390484